$ 1 0.000005 2.3728258192205156 50 5 43
r 832 96 832 -16 0 10000
s 912 -16 912 32 0 0 false
s 960 -16 960 96 0 0 false
w 832 96 912 96 0
w 960 -16 912 -16 0
w 912 -16 832 -16 0
w 832 -16 672 -16 0
w 832 240 960 240 0
r 832 240 832 320 0 1800
r 832 320 832 400 0 3300
p 928 320 928 400 1 0
w 832 320 928 320 0
w 928 400 832 400 0
w 832 400 672 400 0
w 672 112 672 400 0
v 672 112 672 -16 0 0 40 5 0 0 0.5
x 807 -64 882 -61 4 24 10\p-10
r 912 32 912 96 0 60
r 960 96 960 240 0 60
r 832 96 832 176 0 4700
r 832 176 832 240 0 330
o 10 64 0 4098 10 0.1 0 1
